
strategic_region={
	id=1
	name="REGION_1"
	provinces={
		1 2 5 6 8 9 12 14 15 17 18 19 20 21 23 24 25 34 35 46 59 92 130 142 148 159 161 227 234 235 236 237 240 241 242 243 244 246 247 248 249 250 251 256 261 271 292 302 307 317 425 426 429 430 431 433 434 435 437 439 441 443 445 448 451 452 455 524 549 611 612 614 615 617 618 619 621 622 623 624 625 626 627 629 630 631 632 634 636 650 652 654 655 656 657 658 659 661 662 663 664 665 666 667 668 669 671 672 673 674 675 676 677 680 681 684 686 687 688 689 690 691 692 695 699 700 701 702 704 705 750 757 767 768 784 789 791 802 807 810 813 814 815 818 831 832 833 834 836 844 846 849 854 869 872 873 878 888 894 900 908 911 916 925 930 938 949 950 953 970 973 981 985 988 993 995 996 998 1000 1002 1003 1005 1006 1012 1016 1018 1019 1024 1032 1037 1044 1049 1050 1052 1054 1062 1063 1073 1076 1080 1082 1083 1087 1093 1134 1145 1146 1147 1151 1162 1163 1192 1205 1206 1212 1213 1216 1230 1233 1235 1240 1245 1247 1254 1256 1260 1261 1262 1264 1265 1266 1268 1269 1274 1281 1285 1287 1291 1296 1301 1305 1309 1317 1320 1328 1329 1330 1334 1336 1346 1348 1359 1362 1366 1367 1371 1372 1374 1381 1384 1385 1388 1389 1390 1392 1393 1395 1400 1404 1405 1406 1409 1410 1412 1417 1420 1421 1422 1425 1428 1431 1433 1435 1438 1439 1440 1441 1442 1447 1448 1449 1454 1456 1459 1460 1461 1463 1466 1467 1468 1472 1473 1475 1477 1480 1481 1484 1486 1488 1492 1496 1499 1501 1502 1504 1508 1512 1521 1522 1524 1525 1528 1559 1735 1801 1802 1804 1805 1806 1807 2011 2014 2125 2126 2127 2138 2139 2140 2141 2142 2146 2147 2148 2149 2208 2209 2210 2211 2212 2221 2222 2223 2224 2225 2226 2227 2228 2229 2287 2343 2344 2350 2362 2363 2364 2365 2366 2461 2462 2463 2464 2465 2466 2467 2468 2488 2489 2491 2516 2517 2518 2519 2520 2532 2548 2549 2550 2551 2552 2553 2554 2555 2556 2557 2558 2580 2582 2586 2587 2588 2589 2590 2591 2592 2593 2642 2643 2644 2645 2677 2678 2679 3041 3042 3046 3084 3085 3086 3142 3829 3831 3832 3943 3944 3945 4389 4391 4392 4393 4394 4568 4574 4576 4583 4584 4588 4589 4590 5871 5872 5873 5884 5885 5886 5887 5888 5889 5890 5891 5892 5893 5894 5895 5896 5897 5898 5899 5900 5901 5902 5903 5904 5905 5906 5907 5908 5909 5910 5911 5912 5913 5914 5915 5916 5917 5918 5919 5968 5969 5970 5971 5998 5999 6000 6001 6002 6003 6004 6005 6006 6007 6008 6009 6010 6011 6012 6013 6014 6015 6016 6017 6018 6019 6020 6021 6022 6023 6024 6025 6026 6027 6028 6029 6030 6031 6032 6033 6034 6035 6036 6037 6038 6039 6040 6041 6042 6043 6044 6045 6046 6047 6048 6049 6050 6051 6052 6053 6062 6063 6064 6065 6066 6067 6068 6069 6070 6071 6072 6073 6074 6075 6076 6077 6078 6079 6080 6081 6096 6097 6098 6099 6100 6101 6102 6103 6104 6105 6106 6107 6108 6109 6110 6111 6112 6113 6114 6115 6116 6117 6118 6119 6120 6121 6122 6123 6124 6125 6126 6127 6128 6129 6130 6131 6132 6133 6134 6135 6136 6137 6138 6139 6140 6141 6142 6143 6144 6145 6146 6147 6148 6149 6150 6151 6152 6153 6154 6155 6156 6157 6158 6159 6160 6161 6162 6163 6164 6165 6166 6167 6168 6169 6170 6171 6172 6173 6174 6175 6176 6177 6178 6179 6180 6181 6182 6183 6184 6185 6186 6187 6188 6189 6190 6191 6192 6193 6194 6195 6196 6197 6198 6199 6200 6201 6202 6203 6204 6205 6206 6207 6208 6209 6210 6211 6212 6213 6214 6215 6216 6217 6218 6219 6220 6221 6222 6223 6224 6225 6226 6227 6228 6229 6230 6231 6232 6233 6234 6235 6236 6237 6238 6239 6240 6241 6242 6243 6244 6245 6246 6247 6269 6270 6271 6272 6273 6274 6275 6276 6277 6278 6279 6280 6281 6282 6283 6284 6285 6286 6287 6288 6289 6290 6291 6292 7052 7223 7224 7339 7365 7366 7367 7368 7369 7370 7387 7410 7509 8163 8164 8374 8375 8376 8378 8506 8508 8509 8510 8511 8512 8606 8608 8609 8610 8612 8613 8614 8615 8616 8617 8618 8619 8620 8621 8622 8623 8624 8625 8626 8627 8628 8629 8630 8631 8632 8633 8635 8636 8637 8638 8639 8640 8641 8642 8643 8644 8645 8646 8647 8648 8649 8650 8651 8652 8653 8654 8655 8656 8657 8658 8659 8660 8661 8662 8663 8668 8669 8673 8674 8675 8676 8677 8678 8679 8680 8681 8685 8689 8690 8691 8692 8693 8694 8695 8696 8697 8698 8699 8700 8701 8702 8705 8706 8709 8714 8715 8716 8717 8718 8721 8722 8728 8729 8730 8731 8733 8735 8736
	}
	weather={
		period={
			between={ 0.0 30.0 }
			temperature={ 14.0 18.0 }
			temperature_day_night={ 15.0 -15.0 }
			no_phenomenon=0.900
			rain_light=0.050
			rain_heavy=0.050
			snow=0.000
			blizzard=0.000
			arctic_water=0.000
			mud=1.000
			sandstorm=0.000
			min_snow_level=0.000
		}
		period={
			between={ 0.1 27.1 }
			temperature={ 15.0 19.0 }
			temperature_day_night={ 14.0 -14.0 }
			no_phenomenon=0.900
			rain_light=0.050
			rain_heavy=0.050
			snow=0.000
			blizzard=0.000
			arctic_water=0.000
			mud=1.000
			sandstorm=0.000
			min_snow_level=0.000
		}
		period={
			between={ 0.2 30.2 }
			temperature={ 19.0 21.0 }
			temperature_day_night={ 13.0 -13.0 }
			no_phenomenon=0.800
			rain_light=0.100
			rain_heavy=0.100
			snow=0.000
			blizzard=0.000
			arctic_water=0.000
			mud=1.000
			sandstorm=0.000
			min_snow_level=0.000
		}
		period={
			between={ 0.3 29.3 }
			temperature={ 20.0 23.0 }
			temperature_day_night={ 12.0 -12.0 }
			no_phenomenon=0.700
			rain_light=0.400
			rain_heavy=0.300
			snow=0.000
			blizzard=0.000
			arctic_water=0.000
			mud=1.000
			sandstorm=0.000
			min_snow_level=0.000
		}
		period={
			between={ 0.4 30.4 }
			temperature={ 20.0 23.0 }
			temperature_day_night={ 10.0 -10.0 }
			no_phenomenon=0.500
			rain_light=0.200
			rain_heavy=0.300
			snow=0.000
			blizzard=0.000
			arctic_water=0.000
			mud=1.000
			sandstorm=0.000
			min_snow_level=0.000
		}
		period={
			between={ 0.5 29.5 }
			temperature={ 20.0 23.0 }
			temperature_day_night={ 10.0 -10.0 }
			no_phenomenon=0.400
			rain_light=0.300
			rain_heavy=0.300
			snow=0.000
			blizzard=0.000
			arctic_water=0.000
			mud=1.000
			sandstorm=0.000
			min_snow_level=0.000
		}
		period={
			between={ 0.6 30.6 }
			temperature={ 17.0 20.0 }
			temperature_day_night={ 10.0 -10.0 }
			no_phenomenon=0.300
			rain_light=0.400
			rain_heavy=0.300
			snow=0.000
			blizzard=0.000
			arctic_water=0.000
			mud=1.000
			sandstorm=0.000
			min_snow_level=0.000
		}
		period={
			between={ 0.7 30.7 }
			temperature={ 17.0 20.0 }
			temperature_day_night={ 10.0 -10.0 }
			no_phenomenon=0.300
			rain_light=0.400
			rain_heavy=0.300
			snow=0.000
			blizzard=0.000
			arctic_water=0.000
			mud=1.000
			sandstorm=0.000
			min_snow_level=0.000
		}
		period={
			between={ 0.8 29.8 }
			temperature={ 17.0 20.0 }
			temperature_day_night={ 10.0 -10.0 }
			no_phenomenon=0.400
			rain_light=0.200
			rain_heavy=0.200
			snow=0.000
			blizzard=0.000
			arctic_water=0.000
			mud=1.000
			sandstorm=0.000
			min_snow_level=0.000
		}
		period={
			between={ 0.9 30.9 }
			temperature={ 14.0 18.0 }
			temperature_day_night={ 12.0 -12.0 }
			no_phenomenon=0.600
			rain_light=0.200
			rain_heavy=0.200
			snow=0.000
			blizzard=0.000
			arctic_water=0.000
			mud=1.000
			sandstorm=0.000
			min_snow_level=0.000
		}
		period={
			between={ 0.10 29.10 }
			temperature={ 12.0 18.0 }
			temperature_day_night={ 12.0 -12.0 }
			no_phenomenon=0.800
			rain_light=0.100
			rain_heavy=0.100
			snow=0.000
			blizzard=0.000
			arctic_water=0.000
			mud=1.000
			sandstorm=0.000
			min_snow_level=0.000
		}
		period={
			between={ 0.11 30.11 }
			temperature={ 12.0 17.0 }
			temperature_day_night={ 14.0 -14.0 }
			no_phenomenon=0.900
			rain_light=0.050
			rain_heavy=0.050
			snow=0.000
			blizzard=0.000
			arctic_water=0.000
			mud=1.000
			sandstorm=0.000
			min_snow_level=0.000
		}
		period={
			between={ 4.11 21.11 }
			temperature={ -10.0 35.0 }
			temperature_day_night={ 2.0 -2.0 }
			no_phenomenon=1.500
			rain_light=0.250
			rain_heavy=0.100
			snow=0.000
			blizzard=0.000
			arctic_water=0.000
			mud=0.000
			sandstorm=0.000
			min_snow_level=0.000
		}
	}
}
